Theta (deg): 28.118401
M: 0.021388
X: 54.901879
